 <pre>

 Contingency table for Visibility (m)
 Selection: ALL    700 stations
Period: 20210527-20210626
Used {00,03,...,21} + 00 03 ... 24
 Limits    1000.00000       5000.00000       10000.0000       20000.0000    
 Each class is data <= limit, the very last > last limit
 Total number of values      846881
                                     OBSERVATION
                                   2719     1796     1602     2684     2828 |     11629
                                   2107     6020     7611    12768    14464 |     42970
               sevb001_c43h211     1148     5157     8873    19106    22362 |     56646
                                    884     5204    16308    50016   101201 |    173613
                                   1428     6598    36090   143149   374758 |    562023

                    SUM            8286    24775    70484   227723   515613 |    846881
                                     OBSERVATION
                                   2761     1756     1640     2628     3098 |     11883
                                   2111     6024     7643    12891    14395 |     43064
                AMV001_c43h211     1133     5171     8751    19178    22556 |     56789
                                    867     5196    16232    49816   101618 |    173729
                                   1414     6628    36218   143210   373946 |    561416

                    SUM            8286    24775    70484   227723   515613 |    846881

