 <pre>

 Contingency table for Visibility (m)
 Selection: ALL    697 stations
Period: 20210527-20210613
Used {00,03,...,21} + 00 03 ... 24
 Limits    1000.00000       5000.00000       10000.0000       20000.0000    
 Each class is data <= limit, the very last > last limit
 Total number of values      486044
                                     OBSERVATION
                                   2177     1319     1264     2073     1714 |      8547
                                   1340     3269     4075     7430     8384 |     24498
               sevb001_c43h211      718     3081     5363    11657    14091 |     34910
                                    471     2361     8753    27668    56559 |     95812
                                    920     3365    18791    78061   221140 |    322277

                    SUM            5626    13395    38246   126889   301888 |    486044
                                     OBSERVATION
                                   2188     1276     1217     2018     1834 |      8533
                                   1341     3259     4084     7563     8480 |     24727
                AMV001_c43h211      746     3079     5280    11661    14191 |     34957
                                    459     2406     8786    27378    56496 |     95525
                                    892     3375    18879    78269   220887 |    322302

                    SUM            5626    13395    38246   126889   301888 |    486044

